[Plane]
mass=19838
wingArea=54.5
maxThrust=249e3
fuel=10040
fuelDensity=.81
LiftCf=1.75
DragCf=.021

[InitialConditions]
thrust=40e3
roll=0
pitch=0
yaw=0
x=2500
y=5000
z=100
dx=100
dy=0
dz=0

[Earth_atmosphere]
gravity=9.80665
p_0=101325
Temp_lapse=0.0065
T_0=288.15
R=8.31447
M=0.0289644

[OceanModel]
dimension=10000
marker_space=20

